Generated from seeds 0 to50. Values are the same but l = cities * (cities * .2) and maxIntents in calculteLots = cities^2 / 2

Resulting Solution: 183,340,1038,339,502,12,828,151,822,166,655,819,1073,169,326,328,495,167,494,1037,330,666,818,658,74,1001,980,297,336,840,511,662,837,979,493,509,329,839,829,661,657,663,2,172,182,673,496,173,19,667,184,490,344,654,665,653,823,7,816,678,187,14,181,982,345,332,26,185,991,27,353,990,981,165,499,984,8,331,995,492,25,501,164,504,985,500,825,343,510,660,20,334,999,349,491,347,817,23,988,978,5,1004,676,163,656,832,505,168,9,815,508,986,1,507,820,22,351,3,333,4,176,352,668,6,174,489,75,483,652,1075,821,512,179,671,16,520,675,186,826,11,1003,674,871,670,350,327,444,17,346,171
Cost Function Result: 0.22563770969196262
Seed: 10

Resulting Solution: 678,823,816,7,187,181,982,14,345,332,490,656,184,815,665,344,653,9,986,1,829,657,663,832,661,2,505,667,673,173,19,182,839,496,172,507,508,168,329,509,493,979,837,662,995,999,8,331,444,826,16,183,821,512,1075,652,483,171,179,671,520,186,675,339,17,492,499,347,817,988,6,23,352,1004,978,5,668,174,165,984,349,500,985,825,20,660,343,510,670,511,840,336,297,980,340,828,502,12,151,822,1001,166,818,666,655,1073,1037,494,167,495,328,326,169,330,819,658,74,1038,346,75,27,353,990,981,3,333,991,676,163,820,26,654,185,22,351,176,4,489,25,491,164,11,501,1003,334,504,350,327,674,871
Cost Function Result: 0.2271077841637491
Seed: 14

Resulting Solution: 494,167,495,328,326,1037,169,330,1073,819,818,666,658,655,166,1001,74,822,980,336,511,504,20,995,988,185,345,332,982,181,14,187,816,678,823,7,507,656,173,667,815,829,657,663,661,9,832,184,496,172,653,654,820,26,991,353,27,333,174,817,176,978,5,23,981,668,352,165,4,347,25,492,164,11,501,837,509,329,665,22,351,3,990,171,179,671,826,444,17,999,662,984,1003,334,343,500,327,510,660,985,674,8,349,499,491,489,6,1004,676,490,344,839,505,1,986,508,2,673,168,19,182,163,493,979,331,670,871,825,350,840,297,340,502,12,151,1038,828,675,339,186,520,16,183,75,346,821,512,1075,652,483
Cost Function Result: 0.22743108693616382
Seed: 46

Resulting Solution: 353,990,3,165,27,171,652,1075,483,512,179,671,675,186,339,151,340,444,17,491,492,995,662,8,674,334,999,984,11,164,501,25,489,499,347,509,329,1,829,986,9,832,661,663,657,508,505,173,667,184,839,656,496,19,815,168,182,163,172,2,507,673,665,676,820,345,332,14,181,982,187,816,823,678,7,653,344,490,654,26,981,185,991,22,351,668,176,978,5,23,352,4,817,6,1004,333,988,174,493,979,837,331,1003,349,826,1001,822,166,1073,819,655,818,666,330,169,326,328,167,495,494,1037,658,74,1038,520,16,183,346,75,821,12,502,828,297,980,336,840,510,20,504,871,825,327,670,343,660,500,511,350,985
Cost Function Result: 0.229985277375067
Seed: 9

Resulting Solution: 186,340,675,339,12,151,826,444,670,336,510,20,660,500,350,871,674,999,349,501,995,984,1003,662,331,504,825,985,511,297,74,658,819,330,169,1037,494,495,167,328,326,1073,666,818,655,166,1001,822,980,840,327,334,343,8,837,509,163,2,656,507,667,673,839,172,815,9,168,505,508,986,1,829,832,663,657,661,184,19,496,173,182,329,499,491,25,492,17,11,164,1038,502,828,520,16,671,179,183,75,346,821,512,1075,483,652,171,489,347,817,174,4,165,668,493,979,23,1004,978,176,6,5,981,352,3,353,990,27,988,22,351,185,26,820,653,654,7,823,816,678,187,181,14,982,345,332,676,665,344,490,991,333
Cost Function Result: 0.2308175880901926
Seed: 12
